16 10 0.015163
0 10 0.004306
16 100 0.016495
0 100 0.041561
16 1000 0.028722
0 1000 0.415302
16 10000 0.15199
0 10000 4.15183
16 100000 1.30604
0 100000 42.1404
32 10 0.01506
0 10 0.004428
32 100 0.022204
0 100 0.045526
32 1000 0.031208
0 1000 0.447804
32 10000 0.147827
0 10000 4.45677
32 100000 1.34084
0 100000 45.6228
64 10 0.015301
0 10 0.004413
64 100 0.018939
0 100 0.044185
64 1000 0.031519
0 1000 0.440857
64 10000 0.161545
0 10000 4.43643
64 100000 1.3769
0 100000 45.184
128 10 0.019368
0 10 0.00443
128 100 0.019823
0 100 0.044131
128 1000 0.030181
0 1000 0.448909
128 10000 0.182708
0 10000 4.50557
128 100000 1.38943
0 100000 44.9999
256 10 0.02933
0 10 0.00443
256 100 0.027187
0 100 0.045535
256 1000 0.041401
0 1000 0.455073
256 10000 0.182106
0 10000 4.39132
256 100000 1.39393
0 100000 43.688
